	  S-Boxes or Look-Up Table
  8  0  0  0  0  0  0  0  0  0  0  0  0  0  0  0
  0  2 -2  0  2  0  0 -2 -4 -2 -2  0  2  0 -4  2
  0  2  0  2 -2  0 -2  0 -2  0  2 -4 -4 -2  0  2
  0  0  2  2  0  4  2 -2 -2 -2  0  0  2 -2  4  0
  0  2  0 -2  0  2  0 -2  2 -4  2  0 -2  0 -2 -4
  0  4 -2 -2  2  2  0  4 -2  2  0  0  0  0  2 -2
  0  0  4  0  2  2 -2  2  0  0  0  4 -2 -2 -2  2
  0 -2 -2  0  4 -2  2  0  0 -2 -2  0 -4 -2  2  0
  0  2  2  0  0 -2 -2  0  2  0 -4 -2  2 -4  0 -2
  0  0  0  4  2  2 -2  2  2 -2 -2 -2  0  4  0  0
  0  4  2  2 -2 -2  4  0  0  0 -2  2 -2  2  0  0
  0 -2  4 -2  0 -2  0  2 -4 -2  0 -2  0  2  0 -2
  0  0  2  2  4  0  2 -2  0  4  2 -2  0  0 -2 -2
  0 -2  0 -2 -2  4  2  0  0  2 -4 -2 -2  0 -2  0
  0 -2 -2  4 -2  0  0  2 -2  0  0  2  0 -2 -2 -4
  0  0  0  0  0  0  4  4  2 -2  2 -2  2 -2 -2  2

									Bias Table
  |00     0.5  |01       0  |02       0  |03       0  |04       0  |05       0  |06       0  |07       0  |08       0  |09       0  |0A       0  |0B       0  |0C       0  |0D       0  |0E       0  |0F       0
  |10       0  |11   0.125  |13       0  |14   0.125  |15       0  |16       0  |18   -0.25  |1B       0  |1C   0.125  |1D       0  |1E   -0.25  |1F   0.125
  |20       0  |21   0.125  |22       0  |23   0.125  |25       0  |27       0  |29       0  |2A   0.125  |2B   -0.25  |2C   -0.25  |2E       0  |2F   0.125
  |30       0  |31       0  |32   0.125  |33   0.125  |34       0  |35    0.25  |36   0.125  |3A       0  |3B       0  |3C   0.125  |3E    0.25  |3F       0
  |40       0  |41   0.125  |42       0  |44       0  |45   0.125  |46       0  |48   0.125  |49   -0.25  |4A   0.125  |4B       0  |4D       0  |4F   -0.25
  |50       0  |51    0.25  |54   0.125  |55   0.125  |56       0  |57    0.25  |59   0.125  |5A       0  |5B       0  |5C       0  |5D       0  |5E   0.125
  |60       0  |61       0  |62    0.25  |63       0  |64   0.125  |65   0.125  |67   0.125  |68       0  |69       0  |6A       0  |6B    0.25  |6F   0.125
  |70       0  |73       0  |74    0.25  |76   0.125  |77       0  |78       0  |7B       0  |7C   -0.25  |7E   0.125  |7F       0
  |80       0  |81   0.125  |82   0.125  |83       0  |84       0  |87       0  |88   0.125  |89       0  |8A   -0.25  |8C   0.125  |8D   -0.25  |8E       0
  |90       0  |91       0  |92       0  |93    0.25  |94   0.125  |95   0.125  |97   0.125  |98   0.125  |9C       0  |9D    0.25  |9E       0  |9F       0
  |A0       0  |A1    0.25  |A2   0.125  |A3   0.125  |A6    0.25  |A7       0  |A8       0  |A9       0  |AB   0.125  |AD   0.125  |AE       0  |AF       0
  |B0       0  |B2    0.25  |B4       0  |B6       0  |B7   0.125  |B8   -0.25  |BA       0  |BC       0  |BD   0.125  |BE       0
  |C0       0  |C1       0  |C2   0.125  |C3   0.125  |C4    0.25  |C5       0  |C6   0.125  |C8       0  |C9    0.25  |CA   0.125  |CC       0  |CD       0
  |D0       0  |D2       0  |D5    0.25  |D6   0.125  |D7       0  |D8       0  |D9   0.125  |DA   -0.25  |DD       0  |DF       0
  |E0       0  |E3    0.25  |E5       0  |E6       0  |E7   0.125  |E9       0  |EA       0  |EB   0.125  |EC       0  |EF   -0.25
  |F0       0  |F1       0  |F2       0  |F3       0  |F4       0  |F5       0  |F6    0.25  |F7    0.25  |F8   0.125  |FA   0.125  |FC   0.125  |FF   0.125
